0.286693721665688
0.40785220430795116
0.45339551206591644
0.5122577162525099
0.5503104502403662
0.5722691238810581
0.5983449370013246
0.6324612456470686
0.6456012171871203
0.6810153147257672
0.7014108460844545
0.7076482065969452
0.7303731844180383
0.7562223074838212
0.7806338857600371
0.7987270816666092
0.8100096183796625
0.810691711172288
0.8367021389147943
0.8626877894499039
0.8760088640945669
0.8772216636653962
0.912272543680233
0.9458242665090884
0.9582787612423176
0.9628671733197165
0.988181622142375
0.9924487862513494
0.9962851303460034
0.9986633532889039
0.9992846116194133
0.9996799578297375
0.9997657639828244
0.9999246959599382
0.9999811739899845
1.0
1.0
1.0
1.0
1.0
1.0
1.0
1.0
1.0
1.0
1.0
1.0
1.0
1.0
1.0
1.0
1.0
1.0
1.0
1.0
1.0
1.0
1.0
1.0
1.0
1.0
1.0
1.0
1.0
1.0
1.0
1.0
1.0
1.0
1.0
1.0
1.0
1.0
1.0
1.0
1.0
1.0
1.0
1.0
1.0
1.0
1.0
1.0
1.0
1.0
1.0
1.0
1.0
1.0
1.0
1.0
1.0
1.0
1.0
1.0
1.0
1.0
1.0
1.0
1.0
1.0
1.0
1.0
1.0
1.0
1.0
1.0
1.0
1.0
1.0
1.0
1.0
1.0
1.0
1.0
1.0
1.0
1.0
1.0
1.0
1.0
1.0
1.0
1.0
1.0
1.0
1.0
1.0
1.0
1.0
1.0
1.0
1.0
1.0
1.0
1.0
1.0
1.0
1.0
1.0
1.0
1.0
1.0
1.0
1.0
1.0
1.0
1.0
1.0
1.0
1.0
1.0
1.0
1.0
1.0
1.0
1.0
1.0
1.0
1.0
1.0
1.0
1.0
1.0
1.0
1.0
1.0
1.0
1.0
1.0
1.0
1.0
1.0
1.0
1.0
1.0
1.0
1.0
1.0
1.0
1.0
1.0
1.0
1.0
1.0
1.0
1.0
1.0
1.0
1.0
1.0
1.0
1.0
1.0
1.0
1.0
1.0
1.0
1.0
1.0
