4.557595729827881
4.068129539489746
1.5016226768493652
1.2799744606018066
1.2372186183929443
1.172561526298523
1.151107907295227
1.1154367923736572
1.1055330038070679
1.0876946449279785
1.088828444480896
1.0753587484359741
1.0526005029678345
1.0335206985473633
1.0104625225067139
1.0029094219207764
0.9828301668167114
1.0009231567382812
0.9583712220191956
0.9511466026306152
0.9354650378227234
0.9287316799163818
0.9129031300544739
0.8992605805397034
0.8920289874076843
0.8679574131965637
0.8655045032501221
0.8507325649261475
0.8386430144309998
0.844299852848053
0.823659360408783
0.8130200505256653
0.7848169207572937
0.7775944471359253
0.7786775231361389
0.7530279159545898
0.7405699491500854
0.7312728762626648
0.7151173949241638
0.7160287499427795
0.6823586225509644
0.6764531135559082
0.6530165076255798
0.661110520362854
0.6209548115730286
0.634571373462677
0.6069735288619995
0.6000668406486511
0.5597726702690125
0.5556429624557495
0.5380020141601562
0.5456894040107727
0.49745261669158936
0.5050185322761536
0.46264344453811646
0.4430031478404999
0.4502340853214264
0.4326983094215393
0.41904154419898987
0.37301936745643616
0.3534402549266815
0.3603874146938324
0.3126257061958313
0.3265935182571411
0.39149200916290283
0.2402888536453247
0.2762792706489563
0.28858867287635803
0.26591572165489197
0.17338168621063232
0.12826283276081085
0.31266191601753235
0.07748737931251526
0.04338674619793892
0.03558772802352905
0.03693221136927605
0.02442280203104019
0.02004435658454895
0.03440941870212555
0.01961701735854149
0.015050599351525307
0.013605001382529736
0.044086381793022156
0.03438609465956688
0.019094083458185196
0.016294892877340317
0.012711686082184315
0.012021088041365147
0.017293080687522888
0.011046078987419605
0.010211835615336895
0.007903826422989368
0.00805208645761013
0.019532129168510437
0.008482839912176132
0.01004001498222351
0.006462779361754656
0.005408955737948418
0.008725272491574287
0.004911402240395546
4.357972145080566
2.0445170402526855
2.0069148540496826
1.7004882097244263
1.575437068939209
1.4945663213729858
1.4214595556259155
1.3740239143371582
1.2699899673461914
1.228135108947754
1.1776055097579956
1.1469093561172485
1.2003101110458374
1.0469207763671875
0.9994432330131531
0.93155437707901
0.8885164856910706
0.8458849191665649
0.7899569869041443
0.7789304852485657
0.7240016460418701
0.6906120181083679
0.6540619730949402
0.5877375602722168
0.5260798931121826
0.5101072192192078
0.4729403555393219
0.3985137641429901
0.3848899006843567
0.360140860080719
0.3182533085346222
0.14130795001983643
0.22294773161411285
0.18362225592136383
0.06591187417507172
0.023501114919781685
0.011234051547944546
0.008319513872265816
0.006688185967504978
0.07050292193889618
0.3566339612007141
0.025218920782208443
0.01082552783191204
0.008249633014202118
0.0051990388892591
0.004607025068253279
0.003224337939172983
0.0035333316773176193
0.0026936600916087627
0.0022767391055822372
0.001980303321033716
0.0027618606109172106
0.0031354643870145082
0.001530451001599431
0.0015738406218588352
0.0017258089501410723
0.0035179215483367443
0.0013244966976344585
0.0013713501393795013
0.0015847358154132962
0.0013710345374420285
0.0022385285701602697
0.0012134382268413901
0.0011880508391186595
0.0010748036438599229
0.000991110922768712
0.0008198872674256563
0.000803189177531749
0.000735512119717896
0.0008054731297306716
0.0007843966595828533
0.0006300447857938707
0.0005682341870851815
0.0005166855407878757
0.0005572960362769663
0.0006123234052211046
0.0013000956969335675
0.0005090574850328267
0.0005344235105440021
0.0005164042231626809
0.0004600880783982575
0.000492317252792418
0.000442283897427842
0.00044346580398269
0.00046855706023052335
0.001398714492097497
0.0006160695920698345
0.0005852922913618386
0.0006292312173172832
0.0004849615797866136
0.0004846916417591274
0.0003180540807079524
0.00031248360755853355
0.0002872102486435324
0.0002986486942972988
0.0002712708374019712
0.0004721091245301068
0.0006185007514432073
0.00046640224172733724
0.00023117935052141547
