2.203805446624756
1.6905474662780762
1.5432385206222534
1.3577975034713745
1.25320565700531
1.2067701816558838
1.1265203952789307
1.0428850650787354
1.007125973701477
0.9246891736984253
0.8695228099822998
0.8540765643119812
0.7928910255432129
0.7361011505126953
0.6672868132591248
0.6251875162124634
0.5921526551246643
0.5855777859687805
0.5234981179237366
0.46122467517852783
0.42556992173194885
0.4105888903141022
0.3395983874797821
0.2502243220806122
0.21230854094028473
0.1944834589958191
0.12760065495967865
0.10182549804449081
0.08149765431880951
0.06441948562860489
0.055008210241794586
0.046968650072813034
0.04227655753493309
0.03659391030669212
0.032102636992931366
0.02940579503774643
0.026176922023296356
0.024063676595687866
0.021902387961745262
0.01997184380888939
0.0185737032443285
0.017307870090007782
0.016351377591490746
0.015172910876572132
0.014211950823664665
0.013428148813545704
0.012839780189096928
0.01243517268449068
0.011789407581090927
0.011119524016976357
0.010648864321410656
0.010095236822962761
0.009573026560246944
0.009197423234581947
0.0089388657361269
0.008733415976166725
0.008209528401494026
0.00792298186570406
0.007597482297569513
0.007472428493201733
0.007116055581718683
0.006870894227176905
0.006564113777130842
0.006488498765975237
0.006198057904839516
0.006068059708923101
0.005855788476765156
0.005731289274990559
0.005581116769462824
0.005518656689673662
0.005304422229528427
0.005213818047195673
0.005173149984329939
0.0049017625860869884
0.004937310237437487
0.004758213646709919
0.004657492972910404
0.004419477190822363
0.004327552393078804
0.004266626201570034
0.004119811113923788
0.0040895151905715466
0.003969977144151926
0.003923151642084122
0.003749712835997343
0.0037232323084026575
0.0038257036358118057
0.00363079272210598
0.0035081508103758097
0.0034353455994278193
0.003391743404790759
0.0034087346866726875
0.003267922205850482
0.003283141180872917
0.003386335214599967
0.003117948304861784
0.0030748434364795685
0.0030963898170739412
0.0029587012249976397
0.0029663771856576204
0.0028724961448460817
0.0028143629897385836
0.002790434518828988
0.002776412758976221
0.002731047570705414
0.002667390974238515
0.002586741466075182
0.0025888008531183004
0.002468327060341835
0.002497891429811716
0.0024401003029197454
0.002420027507469058
0.0023541836999356747
0.002335244556888938
0.002306412672623992
0.002353576011955738
0.0022947939578443766
0.0022366102784872055
0.00226586707867682
0.002132873283699155
0.002217829693108797
0.0021091210655868053
0.0020917640067636967
0.0020604277960956097
0.0020088597666472197
0.00208328221924603
0.002016775542870164
0.0019839282613247633
0.0020063871052116156
0.0019511714344844222
0.0019676147494465113
0.0019056961173191667
0.0019014622084796429
0.0018818734679371119
0.0018268232233822346
0.0018960227025672793
0.0018281650263816118
0.0017509052995592356
0.001763595617376268
0.0017420995282009244
0.0017147539183497429
0.0016383812762796879
0.0016697252867743373
0.0016265491722151637
0.0016724222805351019
0.0016030195401981473
0.0017096144147217274
0.0015810205368325114
0.0015649216948077083
0.0015388985630124807
0.0015150035033002496
0.0015046760672703385
0.001510528032667935
0.0014946195296943188
0.0014668477233499289
0.0015034116804599762
0.0015293415635824203
0.0014412557939067483
0.0015226710820570588
0.0014938457170501351
0.0014400531072169542
0.0013982801465317607
0.0014105758164077997
0.0013997746864333749
0.0014507464366033673
0.0013316948898136616
0.001396216219291091
0.0013481181813403964
0.0013234744546934962
0.0013517349725589156
0.001443530898541212
0.0013167551951482892
0.0012846729950979352
0.00124857178889215
0.00124559982214123
0.0012358783278614283
0.0012182262726128101
0.001211854862049222
0.001214352436363697
0.0012362058041617274
0.0011971329804509878
0.0011765861418098211
0.0011676120338961482
0.0011893290793523192
0.0011723835486918688
0.0011213920079171658
0.0011599650606513023
0.0011226119240745902
0.0011386842234060168
0.0011367631377652287
0.0010977309430018067
0.0010942573426291347
0.0011026557767763734
0.0010861553018912673
0.001077704131603241
0.0010668503819033504
0.0010650245239958167
0.001057197223417461
0.0010279176058247685
0.0010253051295876503
