0.2742207509928775
0.30154343720623256
0.33780058214379405
0.4116366212882031
0.44625668128871965
0.46594394236564834
0.48535099150838035
0.5017670777582671
0.5091914493196031
0.5222077682029624
0.5282388205395815
0.5410631063414404
0.5491036018669179
0.5602394979647682
0.5745977924091661
0.5803954255596226
0.5902986847620408
0.5839897931908344
0.6033609795624213
0.6036833944322931
0.6115269169934767
0.6138153663183699
0.6244936814620434
0.6299617427470852
0.6318944816141452
0.6422995084388757
0.6459065952958624
0.6533636789944359
0.658796460959056
0.6560098225096223
0.6629734624828737
0.668211449699235
0.6809503183151561
0.6828969433094383
0.6849242011937247
0.6965707722616011
0.7025076945481431
0.7034727998384387
0.7131069326704088
0.710901527831844
0.7274553473492202
0.7270219601517159
0.738190918457238
0.7351712497887907
0.7523572187168504
0.7462215342171289
0.7585111457758634
0.7609153128276074
0.7787233569171895
0.7801398585839915
0.788718178986501
0.7854719758504302
0.8067531076141409
0.8003164014377471
0.8194596919566883
0.8282817391748108
0.8237042570743012
0.8327526442764728
0.8360850425327799
0.8547812542105695
0.8635230575058368
0.861960304190981
0.8801514031289762
0.8751466406152028
0.8590010810175007
0.9080854290105391
0.9003326913819504
0.8969874183130091
0.8994417232302693
0.937163912934838
0.9540151756311146
0.8894419612781648
0.9747002152388616
0.9859393432180776
0.9883302464900383
0.9871463860751005
0.9916539318822059
0.9931831951255259
0.9889346625429926
0.9931265226119049
0.9947497214217277
0.9951220796735415
0.9856422890063257
0.9891395704371276
0.9933734389581406
0.9947895516577935
0.995647029737939
0.9956638720154941
0.9945802873315888
0.9961365059983401
0.9965276902601695
0.9972325765277308
0.996789270667925
0.9936389868308169
0.9971782767137191
0.9967389383188342
0.9978538348582403
0.9981237391629862
0.9970401544790811
0.9982555212330945
0.15659739628502145
0.283270927443935
0.31217480401501224
0.3868580136101162
0.4279207309844073
0.4529153321203782
0.4849439373868689
0.5079838230118567
0.5409037853971774
0.556844281513885
0.5796029438900885
0.590768751561703
0.586226937748764
0.6282634343807751
0.6485969254791841
0.6725049857809169
0.6863042566386579
0.7009905281831593
0.7231903614562806
0.728926343313608
0.7446117936706643
0.7579265281507973
0.7737013631587119
0.793407450245656
0.8152872413485148
0.8220743291327993
0.8351395800835129
0.8628889243626929
0.8684717309567129
0.8785638337100091
0.8928411451939685
0.9550424767685481
0.9245278872331336
0.939435131015027
0.98108005441806
0.9945133071885175
0.9972619046507714
0.9980567590199149
0.9984332792202236
0.9819618818417379
0.8868643926713611
0.9942037671312801
0.9976760768711108
0.9980525970714196
0.998673855401929
0.9989792335106711
0.9992239716408717
0.9992616236609027
0.9994352196995369
0.9994310577510416
0.9994268958025464
0.9992616236609027
0.9991298415907947
0.9996569698712268
0.9995628398211497
0.99957750388267
0.9990398734892125
0.9997364358597838
0.9997176098497683
0.9996046537896758
0.9995440138111343
0.9994916977295831
0.9996569698712269
0.9997176098497682
0.9996004918411805
0.9997176098497683
0.9998117398998455
0.99979291388983
0.9998682179298919
0.9997740878798147
0.9998640559813967
0.999868217929892
0.9998870439399072
0.9999246959599382
0.999830565909861
0.9998493919198764
0.9996046537896758
0.9998870439399072
0.9998870439399072
0.999868217929892
0.9999246959599382
0.9998870439399075
0.9999246959599382
0.9999435219699536
0.9998828819914122
0.9995481757596294
0.9998870439399075
0.9998264039613658
0.9998493919198765
0.9999246959599382
0.9998682179298919
0.9999623479799691
0.9999435219699536
0.9999623479799691
0.9999246959599382
0.9999811739899845
0.9998452299713813
0.9998117398998456
0.9999435219699536
1.0
